2019-12-13 08:58:43.275752
2019-12-13 08:58:43.275752
2019-12-13 08:58:43.275752
2019-12-13 08:58:43.275752
2019-12-13 08:58:43.275752
25191003766525000473651010000010001000010017
25191003766525000473651010000010011000010022
25191003766525000473651010000010021000010038
25191003766525000473651010000010031000010043
25191003766525000473651010000010041000010059
25191003766525000473651010000010051000010064
25191003766525000473651010000010061000010070
25191003766525000473651010000010071000010085
25191003766525000473651010000010081000010090
25191003766525000473651010000010091000010101
25191003766525000473651010000010101000010110
25191003766525000473651010000010111000010126
25191003766525000473651010000010121000010131
25191003766525000473651010000010131000010147
25191003766525000473651010000010141000010152
25191003766525000473651010000010151000010168
2019-12-13 08:58:43.275752
25191003766525000473651010000010001000010017
25191003766525000473651010000010011000010022
25191003766525000473651010000010021000010038
25191003766525000473651010000010031000010043
25191003766525000473651010000010041000010059
25191003766525000473651010000010051000010064
25191003766525000473651010000010061000010070
25191003766525000473651010000010071000010085
25191003766525000473651010000010081000010090
25191003766525000473651010000010091000010101
25191003766525000473651010000010101000010110
25191003766525000473651010000010111000010126
25191003766525000473651010000010121000010131
25191003766525000473651010000010131000010147
25191003766525000473651010000010141000010152
25191003766525000473651010000010151000010168
25191003766525000473651010000010161000010173
25191003766525000473651010000010171000010189
25191003766525000473651010000010181000010194
25191003766525000473651010000010191000010205
25191003766525000473651010000010201000010214
25191003766525000473651010000010211000010220
25191003766525000473651010000010221000010235
25191003766525000473651010000010231000010240
25191003766525000473651010000010241000010256
25191003766525000473651010000010251000010261
25191003766525000473651010000010261000010277
25191003766525000473651010000010271000010282
25191003766525000473651010000010281000010298
25191003766525000473651010000010291000010309
25191003766525000473651010000010301000010318
25191003766525000473651010000010311000010323
25191003766525000473651010000010321000010339
25191003766525000473651010000010331000010344
25191003766525000473651010000010341000010350
25191003766525000473651010000010351000010365
25191003766525000473651010000010361000010370
25191003766525000473651010000010371000010386
25191003766525000473651010000010381000010391
25191003766525000473651010000010391000010402
25191003766525000473651010000010401000010411
25191003766525000473651010000010411000010427
25191003766525000473651010000010421000010432
25191003766525000473651010000010431000010448
25191003766525000473651010000010441000010453
25191003766525000473651010000010451000010469
25191003766525000473651010000010461000010474
25191003766525000473651010000010471000010480
25191003766525000473651010000010481000010495
25191003766525000473651010000010491000010506
25191003766525000473651010000010501000010515
25191003766525000473651010000010511000010520
25191003766525000473651010000010521000010536
25191003766525000473651010000010531000010541
25191003766525000473651010000010541000010557
25191003766525000473651010000010551000010562
25191003766525000473651010000010561000010578
25191003766525000473651010000010571000010583
25191003766525000473651010000010581000010599
25191003766525000473651010000010591000010600
25191003766525000473651010000010601000010619
25191003766525000473651010000010611000010624
25191003766525000473651010000010621000010630
25191003766525000473651010000010631000010645
2019-12-13 09:03:37.584969
25191003766525000473651010000010641000010650
25191003766525000473651010000010651000010666
25191003766525000473651010000010661000010671
25191003766525000473651010000010671000010687
25191003766525000473651010000010681000010692
25191003766525000473651010000010691000010703
25191003766525000473651010000010701000010712
25191003766525000473651010000010711000010728
25191003766525000473651010000010721000010733
25191003766525000473651010000010731000010749
25191003766525000473651010000010741000010754
25191003766525000473651010000010751000010760
25191003766525000473651010000010761000010775
25191003766525000473651010000010771000010780
25191003766525000473651010000010781000010796
25191003766525000473651010000010791000010807
25191003766525000473651010000010801000010816
25191003766525000473651010000010811000010821
25191003766525000473651010000010821000010837
25191003766525000473651010000010831000010842
25191003766525000473651010000010841000010858
25191003766525000473651010000010851000010863
25191003766525000473651010000010861000010879
25191003766525000473651010000010871000010884
25191003766525000473651010000010881000010890
25191003766525000473651010000010891000010900
25191003766525000473651010000010901000010910
25191003766525000473651010000010911000010925
25191003766525000473651010000010921000010930
25191003766525000473651010000010931000010946
25191003766525000473651010000010941000010951
25191003766525000473651010000010951000010967
25191003766525000473651010000010961000010972
25191003766525000473651010000010971000010988
25191003766525000473651010000010981000010993
25191003766525000473651010000010991000011008
25191003766525000473651010000011001000011019
25191003766525000473651010000011011000011024
25191003766525000473651010000011021000011030
25191003766525000473651010000011031000011045
25191003766525000473651010000011041000011050
25191003766525000473651010000011051000011066
25191003766525000473651010000011061000011071
25191003766525000473651010000011071000011087
25191003766525000473651010000011081000011092
25191003766525000473651010000011091000011103
25191003766525000473651010000011101000011112
25191003766525000473651010000011111000011128
25191003766525000473651010000011121000011133
25191003766525000473651010000011131000011149
25191003766525000473651010000011141000011154
25191003766525000473651010000011151000011160
25191003766525000473651010000011161000011175
25191003766525000473651010000011171000011180
25191003766525000473651010000011181000011196
25191003766525000473651010000011191000011207
25191003766525000473651010000011201000011216
25191003766525000473651010000011211000011221
25191003766525000473651010000011221000011237
25191003766525000473651010000011231000011242
25191003766525000473651010000011241000011258
25191003766525000473651010000011251000011263
25191003766525000473651010000011261000011279
25191003766525000473651010000011271000011284
2019-12-13 09:07:21.151461
25191003766525000473651010000011281000011290
25191003766525000473651010000011291000011300
25191003766525000473651010000011301000011310
25191003766525000473651010000011311000011325
25191003766525000473651010000011321000011330
25191003766525000473651010000011331000011346
25191003766525000473651010000011341000011351
25191003766525000473651010000011351000011367
25191003766525000473651010000011361000011372
25191003766525000473651010000011371000011388
25191003766525000473651010000011381000011393
25191003766525000473651010000011391000011404
25191003766525000473651010000011401000011413
25191003766525000473651010000011411000011429
25191003766525000473651010000011421000011434
25191003766525000473651010000011431000011440
25191003766525000473651010000011441000011455
25191003766525000473651010000011451000011460
25191003766525000473651010000011461000011476
25191003766525000473651010000011471000011481
25191003766525000473651010000011481000011497
25191003766525000473651010000011491000011508
25191003766525000473651010000011501000011517
25191003766525000473651010000011511000011522
25191003766525000473651010000011521000011538
25191003766525000473651010000011531000011543
25191003766525000473651010000011541000011559
25191003766525000473651010000011551000011564
25191003766525000473651010000011561000011570
25191003766525000473651010000011571000011585
25191003766525000473651010000011581000011590
25191003766525000473651010000011591000011601
25191003766525000473651010000011601000011610
25191003766525000473651010000011611000011626
25191003766525000473651010000011621000011631
25191003766525000473651010000011631000011647
25191003766525000473651010000011641000011652
25191003766525000473651010000011651000011668
25191003766525000473651010000011661000011673
25191003766525000473651010000011671000011689
25191003766525000473651010000011681000011694
25191003766525000473651010000011691000011705
25191003766525000473651010000011701000011714
25191003766525000473651010000011711000011720
25191003766525000473651010000011721000011735
25191003766525000473651010000011731000011740
25191003766525000473651010000011741000011756
25191003766525000473651010000011751000011761
25191003766525000473651010000011761000011777
25191003766525000473651010000011771000011782
25191003766525000473651010000011781000011798
25191003766525000473651010000011791000011809
25191003766525000473651010000011801000011818
25191003766525000473651010000011811000011823
25191003766525000473651010000011821000011839
25191003766525000473651010000011831000011844
25191003766525000473651010000011841000011850
25191003766525000473651010000011851000011865
25191003766525000473651010000011861000011870
25191003766525000473651010000011871000011886
25191003766525000473651010000011881000011891
25191003766525000473651010000011891000011902
25191003766525000473651010000011901000011911
25191003766525000473651010000011911000011927
2019-12-13 09:11:09.962359
25191003766525000473651010000011921000011932
25191003766525000473651010000011931000011948
25191003766525000473651010000011941000011953
25191003766525000473651010000011951000011969
25191003766525000473651010000011961000011974
25191003766525000473651010000011971000011980
25191003766525000473651010000011981000011995
25191003766525000473651010000011991000012000
25191003766525000473651010000012001000012010
25191003766525000473651010000012011000012026
25191003766525000473651010000012021000012031
25191003766525000473651010000012031000012047
25191003766525000473651010000012041000012052
25191003766525000473651010000012051000012068
25191003766525000473651010000012061000012073
25191003766525000473651010000012071000012089
25191003766525000473651010000012081000012094
25191003766525000473651010000012091000012105
25191003766525000473651010000012101000012114
25191003766525000473651010000012111000012120
25191003766525000473651010000012121000012135
25191003766525000473651010000012131000012140
25191003766525000473651010000012141000012156
25191003766525000473651010000012151000012161
25191003766525000473651010000012161000012177
25191003766525000473651010000012171000012182
25191003766525000473651010000012181000012198
25191003766525000473651010000012191000012209
25191003766525000473651010000012201000012218
25191003766525000473651010000012211000012223
25191003766525000473651010000012221000012239
25191003766525000473651010000012231000012244
25191003766525000473651010000012241000012250
25191003766525000473651010000012251000012265
25191003766525000473651010000012261000012270
25191003766525000473651010000012271000012286
25191003766525000473651010000012281000012291
25191003766525000473651010000012291000012302
25191003766525000473651010000012301000012311
25191003766525000473651010000012311000012327
25191003766525000473651010000012321000012332
25191003766525000473651010000012331000012348
25191003766525000473651010000012341000012353
25191003766525000473651010000012351000012369
25191003766525000473651010000012361000012374
25191003766525000473651010000012371000012380
25191003766525000473651010000012381000012395
25191003766525000473651010000012391000012406
25191003766525000473651010000012401000012415
25191003766525000473651010000012411000012420
25191003766525000473651010000012421000012436
25191003766525000473651010000012431000012441
25191003766525000473651010000012441000012457
25191003766525000473651010000012451000012462
25191003766525000473651010000012461000012478
25191003766525000473651010000012471000012483
25191003766525000473651010000012481000012499
25191003766525000473651010000012491000012500
25191003766525000473651010000012501000012519
25191003766525000473651010000012511000012524
25191003766525000473651010000012521000012530
25191003766525000473651010000012531000012545
25191003766525000473651010000012541000012550
25191003766525000473651010000012551000012566
2019-12-13 09:14:25.333126
25191003766525000473651010000012561000012571
25191003766525000473651010000012571000012587
25191003766525000473651010000012581000012592
25191003766525000473651010000012591000012603
25191003766525000473651010000012601000012612
25191003766525000473651010000012611000012628
25191003766525000473651010000012621000012633
25191003766525000473651010000012631000012649
25191003766525000473651010000012641000012654
25191003766525000473651010000012651000012660
25191003766525000473651010000012661000012675
25191003766525000473651010000012671000012680
25191003766525000473651010000012681000012696
25191003766525000473651010000012691000012707
25191003766525000473651010000012701000012716
25191003766525000473651010000012711000012721
25191003766525000473651010000012721000012737
25191003766525000473651010000012731000012742
25191003766525000473651010000012741000012758
25191003766525000473651010000012751000012763
25191003766525000473651010000012761000012779
25191003766525000473651010000012771000012784
25191003766525000473651010000012781000012790
25191003766525000473651010000012791000012800
25191003766525000473651010000012801000012810
25191003766525000473651010000012811000012825
25191003766525000473651010000012821000012830
25191003766525000473651010000012831000012846
25191003766525000473651010000012841000012851
25191003766525000473651010000012851000012867
25191003766525000473651010000012861000012872
25191003766525000473651010000012871000012888
25191003766525000473651010000012881000012893
25191003766525000473651010000012891000012904
25191003766525000473651010000012901000012913
25191003766525000473651010000012911000012929
25191003766525000473651010000012921000012934
25191003766525000473651010000012931000012940
25191003766525000473651010000012941000012955
25191003766525000473651010000012951000012960
25191003766525000473651010000012961000012976
25191003766525000473651010000012971000012981
25191003766525000473651010000012981000012997
25191003766525000473651010000012991000013001
25191003766525000473651010000013001000013012
25191003766525000473651010000013011000013028
25191003766525000473651010000013021000013033
25191003766525000473651010000013031000013049
25191003766525000473651010000013041000013054
25191003766525000473651010000013051000013060
25191003766525000473651010000013061000013075
25191003766525000473651010000013071000013080
25191003766525000473651010000013081000013096
25191003766525000473651010000013091000013107
25191003766525000473651010000013101000013116
25191003766525000473651010000013111000013121
25191003766525000473651010000013121000013137
25191003766525000473651010000013131000013142
25191003766525000473651010000013141000013158
25191003766525000473651010000013151000013163
25191003766525000473651010000013161000013179
25191003766525000473651010000013171000013184
25191003766525000473651010000013181000013190
25191003766525000473651010000013191000013200
2019-12-13 11:49:49.319070
25191003766525000473651010000013201000013210
25191003766525000473651010000013211000013225
25191003766525000473651010000013221000013230
25191003766525000473651010000013231000013246
25191003766525000473651010000013241000013251
25191003766525000473651010000013251000013267
25191003766525000473651010000013261000013272
25191003766525000473651010000013271000013288
25191003766525000473651010000013281000013293
25191003766525000473651010000013291000013304
25191003766525000473651010000013301000013313
25191003766525000473651010000013311000013329
25191003766525000473651010000013321000013334
25191003766525000473651010000013331000013340
25191003766525000473651010000013341000013355
25191003766525000473651010000013351000013360
25191003766525000473651010000013361000013376
25191003766525000473651010000013371000013381
25191003766525000473651010000013381000013397
25191003766525000473651010000013391000013408
25191003766525000473651010000013401000013417
25191003766525000473651010000013411000013422
25191003766525000473651010000013421000013438
25191003766525000473651010000013431000013443
25191003766525000473651010000013441000013459
25191003766525000473651010000013451000013464
25191003766525000473651010000013461000013470
25191003766525000473651010000013471000013485
25191003766525000473651010000013481000013490
25191003766525000473651010000013491000013501
25191003766525000473651010000013501000013510
25191003766525000473651010000013511000013526
25191003766525000473651010000013521000013531
25191003766525000473651010000013531000013547
25191003766525000473651010000013541000013552
25191003766525000473651010000013551000013568
25191003766525000473651010000013561000013573
25191003766525000473651010000013571000013589
25191003766525000473651010000013581000013594
25191003766525000473651010000013591000013605
25191003766525000473651010000013601000013614
25191003766525000473651010000013611000013620
25191003766525000473651010000013621000013635
25191003766525000473651010000013631000013640
25191003766525000473651010000013641000013656
25191003766525000473651010000013651000013661
25191003766525000473651010000013661000013677
25191003766525000473651010000013671000013682
25191003766525000473651010000013681000013698
25191003766525000473651010000013691000013709
25191003766525000473651010000013701000013718
25191003766525000473651010000013711000013723
25191003766525000473651010000013721000013739
25191003766525000473651010000013731000013744
25191003766525000473651010000013741000013750
25191003766525000473651010000013751000013765
25191003766525000473651010000013761000013770
25191003766525000473651010000013771000013786
25191003766525000473651010000013781000013791
25191003766525000473651010000013791000013802
25191003766525000473651010000013801000013811
25191003766525000473651010000013811000013827
25191003766525000473651010000013821000013832
25191003766525000473651010000013831000013848
2019-12-13 11:53:42.481457
25191003766525000473651010000013841000013853
25191003766525000473651010000013851000013869
25191003766525000473651010000013861000013874
25191003766525000473651010000013871000013880
25191003766525000473651010000013881000013895
25191003766525000473651010000013891000013906
25191003766525000473651010000013901000013915
25191003766525000473651010000013911000013920
25191003766525000473651010000013921000013936
25191003766525000473651010000013931000013941
25191003766525000473651010000013941000013957
25191003766525000473651010000013951000013962
25191003766525000473651010000013961000013978
25191003766525000473651010000013971000013983
25191003766525000473651010000013981000013999
25191003766525000473651010000013991000014003
25191003766525000473651010000014001000014014
25191003766525000473651010000014011000014020
25191003766525000473651010000014021000014035
25191003766525000473651010000014031000014040
25191003766525000473651010000014041000014056
25191003766525000473651010000014051000014061
25191003766525000473651010000014061000014077
25191003766525000473651010000014071000014082
25191003766525000473651010000014081000014098
25191003766525000473651010000014091000014109
25191003766525000473651010000014101000014118
25191003766525000473651010000014111000014123
25191003766525000473651010000014121000014139
25191003766525000473651010000014131000014144
25191003766525000473651010000014141000014150
25191003766525000473651010000014151000014165
25191003766525000473651010000014161000014170
25191003766525000473651010000014171000014186
25191003766525000473651010000014181000014191
25191003766525000473651010000014191000014202
25191003766525000473651010000014201000014211
25191003766525000473651010000014211000014227
25191003766525000473651010000014221000014232
25191003766525000473651010000014231000014248
25191003766525000473651010000014241000014253
25191003766525000473651010000014251000014269
25191003766525000473651010000014261000014274
25191003766525000473651010000014271000014280
25191003766525000473651010000014281000014295
25191003766525000473651010000014291000014306
25191003766525000473651010000014301000014315
25191003766525000473651010000014311000014320
25191003766525000473651010000014321000014336
25191003766525000473651010000014331000014341
25191003766525000473651010000014341000014357
25191003766525000473651010000014351000014362
25191003766525000473651010000014361000014378
25191003766525000473651010000014371000014383
25191003766525000473651010000014381000014399
25191003766525000473651010000014391000014400
25191003766525000473651010000014401000014419
25191003766525000473651010000014411000014424
25191003766525000473651010000014421000014430
25191003766525000473651010000014431000014445
25191003766525000473651010000014441000014450
25191003766525000473651010000014451000014466
25191003766525000473651010000014461000014471
25191003766525000473651010000014471000014487
2019-12-13 11:58:24.672555
25191003766525000473651010000014481000014492
25191003766525000473651010000014491000014503
25191003766525000473651010000014501000014512
25191003766525000473651010000014511000014528
25191003766525000473651010000014521000014533
25191003766525000473651010000014531000014549
25191003766525000473651010000014541000014554
25191003766525000473651010000014551000014560
25191003766525000473651010000014561000014575
25191003766525000473651010000014571000014580
25191003766525000473651010000014581000014596
25191003766525000473651010000014591000014607
25191003766525000473651010000014601000014616
25191003766525000473651010000014611000014621
25191003766525000473651010000014621000014637
25191003766525000473651010000014631000014642
25191003766525000473651010000014641000014658
25191003766525000473651010000014651000014663
25191003766525000473651010000014661000014679
25191003766525000473651010000014671000014684
25191003766525000473651010000014681000014690
2019-12-13 11:58:24.672555
25191003766525000473651010000014481000014492
2019-12-13 11:58:24.672555
2019-12-13 11:58:24.672555
2019-12-13 11:58:24.672555
2019-12-13 11:58:24.672555
2019-12-13 11:58:24.672555
2019-12-13 11:58:24.672555
2019-12-13 11:58:24.672555
2019-12-13 11:58:24.672555
2019-12-13 11:58:24.672555
2019-12-13 11:58:24.672555
2019-12-13 11:58:24.672555
2019-12-13 11:58:24.672555
2019-12-13 11:58:24.672555
2019-12-13 11:58:24.672555
2019-12-13 11:58:24.672555
2019-12-13 11:58:24.672555
2019-12-13 11:58:24.672555
2019-12-13 11:58:24.672555
2019-12-13 11:58:24.672555
2019-12-13 11:58:24.672555
2019-12-13 11:58:24.672555
2019-12-13 11:58:24.672555
2019-12-13 11:58:24.672555
2019-12-13 11:58:24.672555
2019-12-13 11:58:24.672555
2019-12-13 11:58:24.672555
2019-12-13 11:58:24.672555
2019-12-13 11:58:24.672555
2019-12-13 11:58:24.672555
2019-12-13 11:58:24.672555
2019-12-13 11:58:24.672555
2019-12-13 11:58:24.672555
2019-12-13 11:58:24.672555
2019-12-13 11:58:24.672555
2019-12-13 11:58:24.672555
2019-12-13 11:58:24.672555
2019-12-13 11:58:24.672555
2019-12-13 11:58:24.672555
2019-12-13 11:58:24.672555
2019-12-13 11:58:24.672555
2019-12-13 11:58:24.672555
2019-12-13 11:58:24.672555
2019-12-13 11:58:24.672555
2019-12-13 11:58:24.672555
2019-12-13 11:58:24.672555
2019-12-13 11:58:24.672555
2019-12-13 11:58:24.672555
2019-12-13 11:58:24.672555
2019-12-13 11:58:24.672555
2019-12-13 11:58:24.672555
2019-12-13 11:58:24.672555
2019-12-13 11:58:24.672555
2019-12-13 11:58:24.672555
2019-12-13 11:58:24.672555
2019-12-13 11:58:24.672555
2019-12-13 11:58:24.672555
2019-12-13 11:58:24.672555
2019-12-13 11:58:24.672555
2019-12-13 11:58:24.672555
2019-12-13 11:58:24.672555
2019-12-13 11:58:24.672555
2019-12-13 11:58:24.672555
2019-12-13 11:58:24.672555
2019-12-13 11:58:24.672555
2019-12-13 11:58:24.672555
2019-12-13 11:58:24.672555
2019-12-13 11:58:24.672555
2019-12-13 11:58:24.672555
2019-12-13 11:58:24.672555
2019-12-13 11:58:24.672555
2019-12-13 11:58:24.672555
2019-12-13 11:58:24.672555
2019-12-13 11:58:24.672555
2019-12-13 11:58:24.672555
2019-12-13 11:58:24.672555
2019-12-13 11:58:24.672555
2019-12-13 11:58:24.672555
2019-12-13 11:58:24.672555
2019-12-13 11:58:24.672555
2019-12-13 11:58:24.672555
2019-12-13 11:58:24.672555
2019-12-13 11:58:24.672555
2019-12-13 11:58:24.672555
2019-12-13 11:58:24.672555
2019-12-13 11:58:24.672555
2019-12-13 11:58:24.672555
2019-12-13 11:58:24.672555
2019-12-13 11:58:24.672555
2019-12-13 11:58:24.672555
2019-12-13 11:58:24.672555
2019-12-13 11:58:24.672555
2019-12-13 11:58:24.672555
2019-12-13 11:58:24.672555
2019-12-13 11:58:24.672555
25191003766525000473651010000014481000014492
25191003766525000473651010000014491000014503
25191003766525000473651010000014501000014512
25191003766525000473651010000014511000014528
25191003766525000473651010000014521000014533
25191003766525000473651010000014531000014549
25191003766525000473651010000014541000014554
25191003766525000473651010000014551000014560
25191003766525000473651010000014561000014575
25191003766525000473651010000014571000014580
25191003766525000473651010000014581000014596
25191003766525000473651010000014591000014607
25191003766525000473651010000014601000014616
25191003766525000473651010000014611000014621
25191003766525000473651010000014621000014637
25191003766525000473651010000014631000014642
25191003766525000473651010000014641000014658
25191003766525000473651010000014651000014663
25191003766525000473651010000014661000014679
25191003766525000473651010000014671000014684
25191003766525000473651010000014681000014690
25191003766525000473651010000014691000014700
25191003766525000473651010000014701000014710
25191003766525000473651010000014711000014725
25191003766525000473651010000014721000014730
25191003766525000473651010000014731000014746
25191003766525000473651010000014741000014751
25191003766525000473651010000014751000014767
25191003766525000473651010000014761000014772
25191003766525000473651010000014771000014788
25191003766525000473651010000014781000014793
25191003766525000473651010000014791000014804
25191003766525000473651010000014801000014813
25191003766525000473651010000014811000014829
25191003766525000473651010000014821000014834
25191003766525000473651010000014831000014840
25191003766525000473651010000014841000014855
25191003766525000473651010000014851000014860
25191003766525000473651010000014861000014876
25191003766525000473651010000014871000014881
25191003766525000473651010000014881000014897
25191003766525000473651010000014891000014908
25191003766525000473651010000014901000014917
25191003766525000473651010000014911000014922
25191003766525000473651010000014921000014938
25191003766525000473651010000014931000014943
25191003766525000473651010000014941000014959
25191003766525000473651010000014951000014964
25191003766525000473651010000014961000014970
25191003766525000473651010000014971000014985
25191003766525000473651010000014981000014990
25191003766525000473651010000014991000015005
25191003766525000473651010000015001000015016
25191003766525000473651010000015011000015021
25191003766525000473651010000015021000015037
25191003766525000473651010000015031000015042
25191003766525000473651010000015041000015058
25191003766525000473651010000015051000015063
25191003766525000473651010000015061000015079
25191003766525000473651010000015071000015084
25191003766525000473651010000015081000015090
25191003766525000473651010000015091000015100
25191003766525000473651010000015101000015110
25191003766525000473651010000015111000015125
2019-12-13 12:12:43.903083
25191003766525000473651010000015121000015130
25191003766525000473651010000015131000015146
25191003766525000473651010000015141000015151
25191003766525000473651010000015151000015167
25191003766525000473651010000015161000015172
25191003766525000473651010000015171000015188
25191003766525000473651010000015181000015193
25191003766525000473651010000015191000015204
25191003766525000473651010000015201000015213
25191003766525000473651010000015211000015229
25191003766525000473651010000015221000015234
25191003766525000473651010000015231000015240
25191003766525000473651010000015241000015255
25191003766525000473651010000015251000015260
25191003766525000473651010000015261000015276
25191003766525000473651010000015271000015281
25191003766525000473651010000015281000015297
25191003766525000473651010000015291000015308
25191003766525000473651010000015301000015317
25191003766525000473651010000015311000015322
25191003766525000473651010000015321000015338
25191003766525000473651010000015331000015343
25191003766525000473651010000015341000015359
25191003766525000473651010000015351000015364
25191003766525000473651010000015361000015370
25191003766525000473651010000015371000015385
25191003766525000473651010000015381000015390
25191003766525000473651010000015391000015401
25191003766525000473651010000015401000015410
25191003766525000473651010000015411000015426
25191003766525000473651010000015421000015431
25191003766525000473651010000015431000015447
25191003766525000473651010000015441000015452
25191003766525000473651010000015451000015468
25191003766525000473651010000015461000015473
25191003766525000473651010000015471000015489
25191003766525000473651010000015481000015494
25191003766525000473651010000015491000015505
25191003766525000473651010000015501000015514
25191003766525000473651010000015511000015520
25191003766525000473651010000015521000015535
25191003766525000473651010000015531000015540
25191003766525000473651010000015541000015556
25191003766525000473651010000015551000015561
25191003766525000473651010000015561000015577
25191003766525000473651010000015571000015582
25191003766525000473651010000015581000015598
25191003766525000473651010000015591000015609
25191003766525000473651010000015601000015618
25191003766525000473651010000015611000015623
25191003766525000473651010000015621000015639
25191003766525000473651010000015631000015644
25191003766525000473651010000015641000015650
25191003766525000473651010000015651000015665
25191003766525000473651010000015661000015670
25191003766525000473651010000015671000015686
25191003766525000473651010000015681000015691
25191003766525000473651010000015691000015702
25191003766525000473651010000015701000015711
25191003766525000473651010000015711000015727
25191003766525000473651010000015721000015732
25191003766525000473651010000015731000015748
25191003766525000473651010000015741000015753
25191003766525000473651010000015751000015769
2019-12-13 12:19:35.632964
25191003766525000473651010000015761000015774
25191003766525000473651010000015771000015780
25191003766525000473651010000015781000015795
25191003766525000473651010000015791000015806
25191003766525000473651010000015801000015815
25191003766525000473651010000015811000015820
25191003766525000473651010000015821000015836
25191003766525000473651010000015831000015841
25191003766525000473651010000015841000015857
25191003766525000473651010000015851000015862
25191003766525000473651010000015861000015878
25191003766525000473651010000015871000015883
25191003766525000473651010000015881000015899
25191003766525000473651010000015891000015900
25191003766525000473651010000015901000015919
25191003766525000473651010000015911000015924
25191003766525000473651010000015921000015930
25191003766525000473651010000015931000015945
25191003766525000473651010000015941000015950
25191003766525000473651010000015951000015966
25191003766525000473651010000015961000015971
25191003766525000473651010000015971000015987
25191003766525000473651010000015981000015992
25191003766525000473651010000015991000016007
25191003766525000473651010000016001000016018
25191003766525000473651010000016011000016023
25191003766525000473651010000016021000016039
25191003766525000473651010000016031000016044
25191003766525000473651010000016041000016050
25191003766525000473651010000016051000016065
25191003766525000473651010000016061000016070
25191003766525000473651010000016071000016086
25191003766525000473651010000016081000016091
25191003766525000473651010000016091000016102
25191003766525000473651010000016101000016111
25191003766525000473651010000016111000016127
25191003766525000473651010000016121000016132
25191003766525000473651010000016131000016148
25191003766525000473651010000016141000016153
25191003766525000473651010000016151000016169
25191003766525000473651010000016161000016174
25191003766525000473651010000016171000016180
25191003766525000473651010000016181000016195
25191003766525000473651010000016191000016206
25191003766525000473651010000016201000016215
25191003766525000473651010000016211000016220
25191003766525000473651010000016221000016236
25191003766525000473651010000016231000016241
25191003766525000473651010000016241000016257
25191003766525000473651010000016251000016262
25191003766525000473651010000016261000016278
25191003766525000473651010000016271000016283
25191003766525000473651010000016281000016299
25191003766525000473651010000016291000016300
25191003766525000473651010000016301000016319
25191003766525000473651010000016311000016324
25191003766525000473651010000016321000016330
25191003766525000473651010000016331000016345
25191003766525000473651010000016341000016350
25191003766525000473651010000016351000016366
25191003766525000473651010000016361000016371
25191003766525000473651010000016371000016387
25191003766525000473651010000016381000016392
25191003766525000473651010000016391000016403
2019-12-13 12:24:00.970602
25191003766525000473651010000016401000016412
2019-12-13 12:24:00.970602
25191003766525000473651010000016401000016412
25191003766525000473651010000016411000016428
25191003766525000473651010000016421000016433
25191003766525000473651010000016431000016449
25191003766525000473651010000016441000016454
25191003766525000473651010000016451000016460
25191003766525000473651010000016461000016475
25191003766525000473651010000016471000016480
25191003766525000473651010000016481000016496
25191003766525000473651010000016491000016507
25191003766525000473651010000016501000016516
25191003766525000473651010000016511000016521
25191003766525000473651010000016521000016537
25191003766525000473651010000016531000016542
25191003766525000473651010000016541000016558
25191003766525000473651010000016551000016563
25191003766525000473651010000016561000016579
25191003766525000473651010000016571000016584
25191003766525000473651010000016581000016590
25191003766525000473651010000016591000016600
25191003766525000473651010000016601000016610
25191003766525000473651010000016611000016625
25191003766525000473651010000016621000016630
25191003766525000473651010000016631000016646
25191003766525000473651010000016641000016651
25191003766525000473651010000016651000016667
25191003766525000473651010000016661000016672
25191003766525000473651010000016671000016688
25191003766525000473651010000016681000016693
25191003766525000473651010000016691000016704
25191003766525000473651010000016701000016713
25191003766525000473651010000016711000016729
25191003766525000473651010000016721000016734
25191003766525000473651010000016731000016740
25191003766525000473651010000016741000016755
25191003766525000473651010000016751000016760
25191003766525000473651010000016761000016776
25191003766525000473651010000016771000016781
25191003766525000473651010000016781000016797
25191003766525000473651010000016791000016808
25191003766525000473651010000016801000016817
25191003766525000473651010000016811000016822
25191003766525000473651010000016821000016838
25191003766525000473651010000016831000016843
25191003766525000473651010000016841000016859
25191003766525000473651010000016851000016864
25191003766525000473651010000016861000016870
25191003766525000473651010000016871000016885
25191003766525000473651010000016881000016890
25191003766525000473651010000016891000016901
25191003766525000473651010000016901000016910
25191003766525000473651010000016911000016926
25191003766525000473651010000016921000016931
25191003766525000473651010000016931000016947
25191003766525000473651010000016941000016952
25191003766525000473651010000016951000016968
25191003766525000473651010000016961000016973
25191003766525000473651010000016971000016989
25191003766525000473651010000016981000016994
25191003766525000473651010000016991000017009
25191003766525000473651010000017001000017010
25191003766525000473651010000017011000017025
25191003766525000473651010000017021000017030
25191003766525000473651010000017031000017046
2019-12-13 12:28:45.318926
25191003766525000473651010000017041000017051
25191003766525000473651010000017051000017067
25191003766525000473651010000017061000017072
25191003766525000473651010000017071000017088
25191003766525000473651010000017081000017093
25191003766525000473651010000017091000017104
25191003766525000473651010000017101000017113
25191003766525000473651010000017111000017129
25191003766525000473651010000017121000017134
25191003766525000473651010000017131000017140
25191003766525000473651010000017141000017155
25191003766525000473651010000017151000017160
25191003766525000473651010000017161000017176
25191003766525000473651010000017171000017181
25191003766525000473651010000017181000017197
25191003766525000473651010000017191000017208
25191003766525000473651010000017201000017217
25191003766525000473651010000017211000017222
25191003766525000473651010000017221000017238
25191003766525000473651010000017231000017243
25191003766525000473651010000017241000017259
25191003766525000473651010000017251000017264
25191003766525000473651010000017261000017270
25191003766525000473651010000017271000017285
25191003766525000473651010000017281000017290
25191003766525000473651010000017291000017301
25191003766525000473651010000017301000017310
25191003766525000473651010000017311000017326
25191003766525000473651010000017321000017331
25191003766525000473651010000017331000017347
25191003766525000473651010000017341000017352
25191003766525000473651010000017351000017368
25191003766525000473651010000017361000017373
25191003766525000473651010000017371000017389
25191003766525000473651010000017381000017394
25191003766525000473651010000017391000017405
25191003766525000473651010000017401000017414
25191003766525000473651010000017411000017420
25191003766525000473651010000017421000017435
25191003766525000473651010000017431000017440
25191003766525000473651010000017441000017456
25191003766525000473651010000017451000017461
25191003766525000473651010000017461000017477
25191003766525000473651010000017471000017482
25191003766525000473651010000017481000017498
25191003766525000473651010000017491000017509
25191003766525000473651010000017501000017518
25191003766525000473651010000017511000017523
25191003766525000473651010000017521000017539
25191003766525000473651010000017531000017544
25191003766525000473651010000017541000017550
25191003766525000473651010000017551000017565
25191003766525000473651010000017561000017570
25191003766525000473651010000017571000017586
25191003766525000473651010000017581000017591
25191003766525000473651010000017591000017602
25191003766525000473651010000017601000017611
25191003766525000473651010000017611000017627
25191003766525000473651010000017621000017632
25191003766525000473651010000017631000017648
25191003766525000473651010000017641000017653
25191003766525000473651010000017651000017669
25191003766525000473651010000017661000017674
25191003766525000473651010000017671000017680
2019-12-13 12:33:13.543451
25191003766525000473651010000017681000017695
25191003766525000473651010000017691000017706
25191003766525000473651010000017701000017715
25191003766525000473651010000017711000017720
25191003766525000473651010000017721000017736
25191003766525000473651010000017731000017741
25191003766525000473651010000017741000017757
25191003766525000473651010000017751000017762
25191003766525000473651010000017761000017778
25191003766525000473651010000017771000017783
25191003766525000473651010000017781000017799
25191003766525000473651010000017791000017800
25191003766525000473651010000017801000017819
25191003766525000473651010000017811000017824
25191003766525000473651010000017821000017830
25191003766525000473651010000017831000017845
25191003766525000473651010000017841000017850
25191003766525000473651010000017851000017866
25191003766525000473651010000017861000017871
25191003766525000473651010000017871000017887
25191003766525000473651010000017881000017892
25191003766525000473651010000017891000017903
25191003766525000473651010000017901000017912
25191003766525000473651010000017911000017928
25191003766525000473651010000017921000017933
25191003766525000473651010000017931000017949
25191003766525000473651010000017941000017954
25191003766525000473651010000017951000017960
25191003766525000473651010000017961000017975
25191003766525000473651010000017971000017980
25191003766525000473651010000017981000017996
25191003766525000473651010000017991000018000
25191003766525000473651010000018001000018011
25191003766525000473651010000018011000018027
25191003766525000473651010000018021000018032
25191003766525000473651010000018031000018048
25191003766525000473651010000018041000018053
25191003766525000473651010000018051000018069
25191003766525000473651010000018061000018074
25191003766525000473651010000018071000018080
25191003766525000473651010000018081000018095
25191003766525000473651010000018091000018106
25191003766525000473651010000018101000018115
25191003766525000473651010000018111000018120
25191003766525000473651010000018121000018136
25191003766525000473651010000018131000018141
25191003766525000473651010000018141000018157
25191003766525000473651010000018151000018162
25191003766525000473651010000018161000018178
25191003766525000473651010000018171000018183
25191003766525000473651010000018181000018199
25191003766525000473651010000018191000018200
25191003766525000473651010000018201000018219
25191003766525000473651010000018211000018224
25191003766525000473651010000018221000018230
25191003766525000473651010000018231000018245
25191003766525000473651010000018241000018250
25191003766525000473651010000018251000018266
25191003766525000473651010000018261000018271
25191003766525000473651010000018271000018287
25191003766525000473651010000018281000018292
25191003766525000473651010000018291000018303
25191003766525000473651010000018301000018312
25191003766525000473651010000018311000018328
2019-12-13 12:37:29.014502
25191003766525000473651010000018321000018333
2019-12-13 12:37:29.014502
25191003766525000473651010000018321000018333
25191003766525000473651010000018331000018349
25191003766525000473651010000018341000018354
25191003766525000473651010000018351000018360
25191003766525000473651010000018361000018375
25191003766525000473651010000018371000018380
25191003766525000473651010000018381000018396
25191003766525000473651010000018391000018407
25191003766525000473651010000018401000018416
25191003766525000473651010000018411000018421
25191003766525000473651010000018421000018437
25191003766525000473651010000018431000018442
25191003766525000473651010000018441000018458
25191003766525000473651010000018451000018463
25191003766525000473651010000018461000018479
25191003766525000473651010000018471000018484
25191003766525000473651010000018481000018490
25191003766525000473651010000018491000018500
25191003766525000473651010000018501000018510
25191003766525000473651010000018511000018525
25191003766525000473651010000018521000018530
25191003766525000473651010000018531000018546
25191003766525000473651010000018541000018551
25191003766525000473651010000018551000018567
25191003766525000473651010000018561000018572
25191003766525000473651010000018571000018588
25191003766525000473651010000018581000018593
25191003766525000473651010000018591000018604
25191003766525000473651010000018601000018613
25191003766525000473651010000018611000018629
25191003766525000473651010000018621000018634
25191003766525000473651010000018631000018640
25191003766525000473651010000018641000018655
25191003766525000473651010000018651000018660
25191003766525000473651010000018661000018676
25191003766525000473651010000018671000018681
25191003766525000473651010000018681000018697
25191003766525000473651010000018691000018708
25191003766525000473651010000018701000018717
25191003766525000473651010000018711000018722
25191003766525000473651010000018721000018738
25191003766525000473651010000018731000018743
25191003766525000473651010000018741000018759
25191003766525000473651010000018751000018764
25191003766525000473651010000018761000018770
25191003766525000473651010000018771000018785
25191003766525000473651010000018781000018790
25191003766525000473651010000018791000018801
25191003766525000473651010000018801000018810
25191003766525000473651010000018811000018826
25191003766525000473651010000018821000018831
25191003766525000473651010000018831000018847
25191003766525000473651010000018841000018852
25191003766525000473651010000018851000018868
25191003766525000473651010000018861000018873
25191003766525000473651010000018871000018889
25191003766525000473651010000018881000018894
25191003766525000473651010000018891000018905
25191003766525000473651010000018901000018914
25191003766525000473651010000018911000018920
25191003766525000473651010000018921000018935
25191003766525000473651010000018931000018940
25191003766525000473651010000018941000018956
25191003766525000473651010000018951000018961
2019-12-13 12:42:44.299718
25191003766525000473651010000018961000018977
25191003766525000473651010000018971000018982
25191003766525000473651010000018981000018998
25191003766525000473651010000018991000019002
25191003766525000473651010000019001000019013
25191003766525000473651010000019011000019029
25191003766525000473651010000019021000019034
25191003766525000473651010000019031000019040
25191003766525000473651010000019041000019055
25191003766525000473651010000019051000019060
25191003766525000473651010000019061000019076
25191003766525000473651010000019071000019081
25191003766525000473651010000019081000019097
25191003766525000473651010000019091000019108
25191003766525000473651010000019101000019117
25191003766525000473651010000019111000019122
25191003766525000473651010000019121000019138
25191003766525000473651010000019131000019143
25191003766525000473651010000019141000019159
25191003766525000473651010000019151000019164
25191003766525000473651010000019161000019170
25191003766525000473651010000019171000019185
25191003766525000473651010000019181000019190
25191003766525000473651010000019191000019201
25191003766525000473651010000019201000019210
25191003766525000473651010000019211000019226
25191003766525000473651010000019221000019231
25191003766525000473651010000019231000019247
25191003766525000473651010000019241000019252
25191003766525000473651010000019251000019268
25191003766525000473651010000019261000019273
25191003766525000473651010000019271000019289
25191003766525000473651010000019281000019294
25191003766525000473651010000019291000019305
25191003766525000473651010000019301000019314
25191003766525000473651010000019311000019320
25191003766525000473651010000019321000019335
25191003766525000473651010000019331000019340
25191003766525000473651010000019341000019356
25191003766525000473651010000019351000019361
25191003766525000473651010000019361000019377
25191003766525000473651010000019371000019382
25191003766525000473651010000019381000019398
25191003766525000473651010000019391000019409
25191003766525000473651010000019401000019418
25191003766525000473651010000019411000019423
25191003766525000473651010000019421000019439
25191003766525000473651010000019431000019444
25191003766525000473651010000019441000019450
25191003766525000473651010000019451000019465
25191003766525000473651010000019461000019470
25191003766525000473651010000019471000019486
25191003766525000473651010000019481000019491
25191003766525000473651010000019491000019502
25191003766525000473651010000019501000019511
25191003766525000473651010000019511000019527
25191003766525000473651010000019521000019532
25191003766525000473651010000019531000019548
25191003766525000473651010000019541000019553
25191003766525000473651010000019551000019569
25191003766525000473651010000019561000019574
25191003766525000473651010000019571000019580
25191003766525000473651010000019581000019595
25191003766525000473651010000019591000019606
2019-12-13 12:48:13.308141
25191003766525000473651010000019601000019615
25191003766525000473651010000019611000019620
25191003766525000473651010000019621000019636
25191003766525000473651010000019631000019641
25191003766525000473651010000019641000019657
25191003766525000473651010000019651000019662
25191003766525000473651010000019661000019678
25191003766525000473651010000019671000019683
25191003766525000473651010000019681000019699
25191003766525000473651010000019691000019700
25191003766525000473651010000019701000019719
25191003766525000473651010000019711000019724
25191003766525000473651010000019721000019730
25191003766525000473651010000019731000019745
25191003766525000473651010000019741000019750
25191003766525000473651010000019751000019766
25191003766525000473651010000019761000019771
25191003766525000473651010000019771000019787
25191003766525000473651010000019781000019792
25191003766525000473651010000019791000019803
25191003766525000473651010000019801000019812
25191003766525000473651010000019811000019828
25191003766525000473651010000019821000019833
25191003766525000473651010000019831000019849
25191003766525000473651010000019841000019854
25191003766525000473651010000019851000019860
25191003766525000473651010000019861000019875
25191003766525000473651010000019871000019880
25191003766525000473651010000019881000019896
25191003766525000473651010000019891000019907
25191003766525000473651010000019901000019916
25191003766525000473651010000019911000019921
25191003766525000473651010000019921000019937
25191003766525000473651010000019931000019942
25191003766525000473651010000019941000019958
25191003766525000473651010000019951000019963
25191003766525000473651010000019961000019979
25191003766525000473651010000019971000019984
25191003766525000473651010000019981000019990
25191003766525000473651010000019991000020006
25191003766525000473651010000020001000020017
25191003766525000473651010000020011000020022
25191003766525000473651010000020021000020038
25191003766525000473651010000020031000020043
25191003766525000473651010000020041000020059
25191003766525000473651010000020051000020064
25191003766525000473651010000020061000020070
25191003766525000473651010000020071000020085
25191003766525000473651010000020081000020090
25191003766525000473651010000020091000020101
25191003766525000473651010000020101000020110
25191003766525000473651010000020111000020126
25191003766525000473651010000020121000020131
25191003766525000473651010000020131000020147
25191003766525000473651010000020141000020152
25191003766525000473651010000020151000020168
25191003766525000473651010000020161000020173
25191003766525000473651010000020171000020189
25191003766525000473651010000020181000020194
25191003766525000473651010000020191000020205
25191003766525000473651010000020201000020214
25191003766525000473651010000020211000020220
25191003766525000473651010000020221000020235
25191003766525000473651010000020231000020240
2019-12-13 12:52:44.211080
25191003766525000473651010000020241000020256
2019-12-13 12:52:44.211080
25191003766525000473651010000020241000020256
25191003766525000473651010000020251000020261
25191003766525000473651010000020261000020277
25191003766525000473651010000020271000020282
25191003766525000473651010000020281000020298
25191003766525000473651010000020291000020309
25191003766525000473651010000020301000020318
25191003766525000473651010000020311000020323
25191003766525000473651010000020321000020339
25191003766525000473651010000020331000020344
25191003766525000473651010000020341000020350
25191003766525000473651010000020351000020365
25191003766525000473651010000020361000020370
25191003766525000473651010000020371000020386
25191003766525000473651010000020381000020391
25191003766525000473651010000020391000020402
25191003766525000473651010000020401000020411
25191003766525000473651010000020411000020427
25191003766525000473651010000020421000020432
25191003766525000473651010000020431000020448
25191003766525000473651010000020441000020453
25191003766525000473651010000020451000020469
25191003766525000473651010000020461000020474
25191003766525000473651010000020471000020480
25191003766525000473651010000020481000020495
25191003766525000473651010000020491000020506
25191003766525000473651010000020501000020515
25191003766525000473651010000020511000020520
25191003766525000473651010000020521000020536
25191003766525000473651010000020531000020541
25191003766525000473651010000020541000020557
25191003766525000473651010000020551000020562
25191003766525000473651010000020561000020578
25191003766525000473651010000020571000020583
25191003766525000473651010000020581000020599
25191003766525000473651010000020591000020600
25191003766525000473651010000020601000020619
25191003766525000473651010000020611000020624
25191003766525000473651010000020621000020630
25191003766525000473651010000020631000020645
25191003766525000473651010000020641000020650
25191003766525000473651010000020651000020666
25191003766525000473651010000020661000020671
25191003766525000473651010000020671000020687
25191003766525000473651010000020681000020692
25191003766525000473651010000020691000020703
25191003766525000473651010000020701000020712
25191003766525000473651010000020711000020728
25191003766525000473651010000020721000020733
25191003766525000473651010000020731000020749
25191003766525000473651010000020741000020754
25191003766525000473651010000020751000020760
25191003766525000473651010000020761000020775
25191003766525000473651010000020771000020780
25191003766525000473651010000020781000020796
25191003766525000473651010000020791000020807
25191003766525000473651010000020801000020816
25191003766525000473651010000020811000020821
25191003766525000473651010000020821000020837
25191003766525000473651010000020831000020842
25191003766525000473651010000020841000020858
25191003766525000473651010000020851000020863
25191003766525000473651010000020861000020879
25191003766525000473651010000020871000020884
2019-12-13 12:58:04.064511
25191003766525000473651010000020881000020890
25191003766525000473651010000020891000020900
25191003766525000473651010000020901000020910
25191003766525000473651010000020911000020925
25191003766525000473651010000020921000020930
25191003766525000473651010000020931000020946
25191003766525000473651010000020941000020951
25191003766525000473651010000020951000020967
25191003766525000473651010000020961000020972
25191003766525000473651010000020971000020988
25191003766525000473651010000020981000020993
25191003766525000473651010000020991000021008
25191003766525000473651010000021001000021019
25191003766525000473651010000021011000021024
25191003766525000473651010000021021000021030
25191003766525000473651010000021031000021045
25191003766525000473651010000021041000021050
25191003766525000473651010000021051000021066
25191003766525000473651010000021061000021071
25191003766525000473651010000021071000021087
25191003766525000473651010000021081000021092
25191003766525000473651010000021091000021103
25191003766525000473651010000021101000021112
25191003766525000473651010000021111000021128
25191003766525000473651010000021121000021133
25191003766525000473651010000021131000021149
25191003766525000473651010000021141000021154
25191003766525000473651010000021151000021160
25191003766525000473651010000021161000021175
25191003766525000473651010000021171000021180
25191003766525000473651010000021181000021196
25191003766525000473651010000021191000021207
25191003766525000473651010000021201000021216
25191003766525000473651010000021211000021221
25191003766525000473651010000021221000021237
25191003766525000473651010000021231000021242
25191003766525000473651010000021241000021258
25191003766525000473651010000021251000021263
25191003766525000473651010000021261000021279
25191003766525000473651010000021271000021284
25191003766525000473651010000021281000021290
25191003766525000473651010000021291000021300
25191003766525000473651010000021301000021310
25191003766525000473651010000021311000021325
25191003766525000473651010000021321000021330
25191003766525000473651010000021331000021346
25191003766525000473651010000021341000021351
25191003766525000473651010000021351000021367
25191003766525000473651010000021361000021372
25191003766525000473651010000021371000021388
25191003766525000473651010000021381000021393
25191003766525000473651010000021391000021404
25191003766525000473651010000021401000021413
25191003766525000473651010000021411000021429
25191003766525000473651010000021421000021434
25191003766525000473651010000021431000021440
25191003766525000473651010000021441000021455
25191003766525000473651010000021451000021460
25191003766525000473651010000021461000021476
25191003766525000473651010000021471000021481
25191003766525000473651010000021481000021497
25191003766525000473651010000021491000021508
25191003766525000473651010000021501000021517
25191003766525000473651010000021511000021522
2019-12-13 13:02:58.354114
25191003766525000473651010000021521000021538
2019-12-13 13:02:58.354114
25191003766525000473651010000021521000021538
25191003766525000473651010000021531000021543
25191003766525000473651010000021541000021559
25191003766525000473651010000021551000021564
25191003766525000473651010000021561000021570
25191003766525000473651010000021571000021585
25191003766525000473651010000021581000021590
25191003766525000473651010000021591000021601
25191003766525000473651010000021601000021610
25191003766525000473651010000021611000021626
25191003766525000473651010000021621000021631
25191003766525000473651010000021631000021647
25191003766525000473651010000021641000021652
25191003766525000473651010000021651000021668
25191003766525000473651010000021661000021673
25191003766525000473651010000021671000021689
25191003766525000473651010000021681000021694
25191003766525000473651010000021691000021705
25191003766525000473651010000021701000021714
25191003766525000473651010000021711000021720
25191003766525000473651010000021721000021735
25191003766525000473651010000021731000021740
25191003766525000473651010000021741000021756
25191003766525000473651010000021751000021761
25191003766525000473651010000021761000021777
25191003766525000473651010000021771000021782
25191003766525000473651010000021781000021798
25191003766525000473651010000021791000021809
25191003766525000473651010000021801000021818
25191003766525000473651010000021811000021823
25191003766525000473651010000021821000021839
25191003766525000473651010000021831000021844
25191003766525000473651010000021841000021850
25191003766525000473651010000021851000021865
25191003766525000473651010000021861000021870
25191003766525000473651010000021871000021886
25191003766525000473651010000021881000021891
25191003766525000473651010000021891000021902
25191003766525000473651010000021901000021911
25191003766525000473651010000021911000021927
25191003766525000473651010000021921000021932
25191003766525000473651010000021931000021948
25191003766525000473651010000021941000021953
25191003766525000473651010000021951000021969
25191003766525000473651010000021961000021974
25191003766525000473651010000021971000021980
25191003766525000473651010000021981000021995
25191003766525000473651010000021991000022000
25191003766525000473651010000022001000022010
25191003766525000473651010000022011000022026
25191003766525000473651010000022021000022031
25191003766525000473651010000022031000022047
25191003766525000473651010000022041000022052
25191003766525000473651010000022051000022068
25191003766525000473651010000022061000022073
25191003766525000473651010000022071000022089
25191003766525000473651010000022081000022094
25191003766525000473651010000022091000022105
25191003766525000473651010000022101000022114
25191003766525000473651010000022111000022120
25191003766525000473651010000022121000022135
25191003766525000473651010000022131000022140
25191003766525000473651010000022141000022156
25191003766525000473651010000022151000022161
2019-12-13 13:08:23.322715
25191003766525000473651010000022161000022177
25191003766525000473651010000022171000022182
25191003766525000473651010000022181000022198
25191003766525000473651010000022191000022209
25191003766525000473651010000022201000022218
25191003766525000473651010000022211000022223
25191003766525000473651010000022221000022239
25191003766525000473651010000022231000022244
25191003766525000473651010000022241000022250
25191003766525000473651010000022251000022265
25191003766525000473651010000022261000022270
25191003766525000473651010000022271000022286
25191003766525000473651010000022281000022291
25191003766525000473651010000022291000022302
25191003766525000473651010000022301000022311
25191003766525000473651010000022311000022327
25191003766525000473651010000022321000022332
25191003766525000473651010000022331000022348
25191003766525000473651010000022341000022353
25191003766525000473651010000022351000022369
25191003766525000473651010000022361000022374
25191003766525000473651010000022371000022380
25191003766525000473651010000022381000022395
25191003766525000473651010000022391000022406
25191003766525000473651010000022401000022415
25191003766525000473651010000022411000022420
25191003766525000473651010000022421000022436
25191003766525000473651010000022431000022441
25191003766525000473651010000022441000022457
25191003766525000473651010000022451000022462
25191003766525000473651010000022461000022478
25191003766525000473651010000022471000022483
25191003766525000473651010000022481000022499
25191003766525000473651010000022491000022500
25191003766525000473651010000022501000022519
25191003766525000473651010000022511000022524
25191003766525000473651010000022521000022530
25191003766525000473651010000022531000022545
25191003766525000473651010000022541000022550
25191003766525000473651010000022551000022566
25191003766525000473651010000022561000022571
25191003766525000473651010000022571000022587
25191003766525000473651010000022581000022592
25191003766525000473651010000022591000022603
25191003766525000473651010000022601000022612
25191003766525000473651010000022611000022628
25191003766525000473651010000022621000022633
25191003766525000473651010000022631000022649
25191003766525000473651010000022641000022654
25191003766525000473651010000022651000022660
25191003766525000473651010000022661000022675
25191003766525000473651010000022671000022680
25191003766525000473651010000022681000022696
25191003766525000473651010000022691000022707
25191003766525000473651010000022701000022716
25191003766525000473651010000022711000022721
25191003766525000473651010000022721000022737
25191003766525000473651010000022731000022742
25191003766525000473651010000022741000022758
25191003766525000473651010000022751000022763
25191003766525000473651010000022761000022779
25191003766525000473651010000022771000022784
25191003766525000473651010000022781000022790
25191003766525000473651010000022791000022800
2019-12-13 13:13:02.778719
25191003766525000473651010000022801000022810
25191003766525000473651010000022811000022825
25191003766525000473651010000022821000022830
25191003766525000473651010000022831000022846
25191003766525000473651010000022841000022851
25191003766525000473651010000022851000022867
25191003766525000473651010000022861000022872
25191003766525000473651010000022871000022888
25191003766525000473651010000022881000022893
25191003766525000473651010000022891000022904
25191003766525000473651010000022901000022913
25191003766525000473651010000022911000022929
25191003766525000473651010000022921000022934
25191003766525000473651010000022931000022940
25191003766525000473651010000022941000022955
25191003766525000473651010000022951000022960
25191003766525000473651010000022961000022976
25191003766525000473651010000022971000022981
25191003766525000473651010000022981000022997
25191003766525000473651010000022991000023001
25191003766525000473651010000023001000023012
25191003766525000473651010000023011000023028
25191003766525000473651010000023021000023033
25191003766525000473651010000023031000023049
25191003766525000473651010000023041000023054
25191003766525000473651010000023051000023060
25191003766525000473651010000023061000023075
25191003766525000473651010000023071000023080
25191003766525000473651010000023081000023096
25191003766525000473651010000023091000023107
25191003766525000473651010000023101000023116
25191003766525000473651010000023111000023121
25191003766525000473651010000023121000023137
25191003766525000473651010000023131000023142
25191003766525000473651010000023141000023158
25191003766525000473651010000023151000023163
25191003766525000473651010000023161000023179
25191003766525000473651010000023171000023184
25191003766525000473651010000023181000023190
25191003766525000473651010000023191000023200
25191003766525000473651010000023201000023210
25191003766525000473651010000023211000023225
25191003766525000473651010000023221000023230
25191003766525000473651010000023231000023246
25191003766525000473651010000023241000023251
25191003766525000473651010000023251000023267
25191003766525000473651010000023261000023272
25191003766525000473651010000023271000023288
25191003766525000473651010000023281000023293
25191003766525000473651010000023291000023304
25191003766525000473651010000023301000023313
25191003766525000473651010000023311000023329
25191003766525000473651010000023321000023334
25191003766525000473651010000023331000023340
25191003766525000473651010000023341000023355
25191003766525000473651010000023351000023360
25191003766525000473651010000023361000023376
25191003766525000473651010000023371000023381
25191003766525000473651010000023381000023397
25191003766525000473651010000023391000023408
25191003766525000473651010000023401000023417
25191003766525000473651010000023411000023422
25191003766525000473651010000023421000023438
25191003766525000473651010000023431000023443
2019-12-13 13:18:24.646093
25191003766525000473651010000023441000023459
25191003766525000473651010000023451000023464
25191003766525000473651010000023461000023470
25191003766525000473651010000023471000023485
25191003766525000473651010000023481000023490
25191003766525000473651010000023491000023501
25191003766525000473651010000023501000023510
25191003766525000473651010000023511000023526
25191003766525000473651010000023521000023531
25191003766525000473651010000023531000023547
25191003766525000473651010000023541000023552
25191003766525000473651010000023551000023568
25191003766525000473651010000023561000023573
25191003766525000473651010000023571000023589
25191003766525000473651010000023581000023594
25191003766525000473651010000023591000023605
25191003766525000473651010000023601000023614
25191003766525000473651010000023611000023620
25191003766525000473651010000023621000023635
25191003766525000473651010000023631000023640
25191003766525000473651010000023641000023656
25191003766525000473651010000023651000023661
25191003766525000473651010000023661000023677
25191003766525000473651010000023671000023682
25191003766525000473651010000023681000023698
25191003766525000473651010000023691000023709
25191003766525000473651010000023701000023718
25191003766525000473651010000023711000023723
25191003766525000473651010000023721000023739
25191003766525000473651010000023731000023744
25191003766525000473651010000023741000023750
25191003766525000473651010000023751000023765
25191003766525000473651010000023761000023770
25191003766525000473651010000023771000023786
25191003766525000473651010000023781000023791
25191003766525000473651010000023791000023802
25191003766525000473651010000023801000023811
25191003766525000473651010000023811000023827
25191003766525000473651010000023821000023832
25191003766525000473651010000023831000023848
25191003766525000473651010000023841000023853
25191003766525000473651010000023851000023869
25191003766525000473651010000023861000023874
25191003766525000473651010000023871000023880
25191003766525000473651010000023881000023895
25191003766525000473651010000023891000023906
25191003766525000473651010000023901000023915
25191003766525000473651010000023911000023920
25191003766525000473651010000023921000023936
25191003766525000473651010000023931000023941
25191003766525000473651010000023941000023957
25191003766525000473651010000023951000023962
25191003766525000473651010000023961000023978
25191003766525000473651010000023971000023983
25191003766525000473651010000023981000023999
25191003766525000473651010000023991000024003
25191003766525000473651010000024001000024014
25191003766525000473651010000024011000024020
25191003766525000473651010000024021000024035
25191003766525000473651010000024031000024040
25191003766525000473651010000024041000024056
25191003766525000473651010000024051000024061
2019-12-13 13:18:24.646093
25191003766525000473651010000023441000023459
2019-12-13 13:18:24.646093
25191003766525000473651010000023441000023459
25191003766525000473651010000023451000023464
25191003766525000473651010000023461000023470
25191003766525000473651010000023471000023485
25191003766525000473651010000023481000023490
25191003766525000473651010000023491000023501
25191003766525000473651010000023501000023510
25191003766525000473651010000023511000023526
25191003766525000473651010000023521000023531
25191003766525000473651010000023531000023547
25191003766525000473651010000023541000023552
25191003766525000473651010000023551000023568
25191003766525000473651010000023561000023573
25191003766525000473651010000023571000023589
25191003766525000473651010000023581000023594
25191003766525000473651010000023591000023605
25191003766525000473651010000023601000023614
25191003766525000473651010000023611000023620
25191003766525000473651010000023621000023635
25191003766525000473651010000023631000023640
25191003766525000473651010000023641000023656
25191003766525000473651010000023651000023661
25191003766525000473651010000023661000023677
25191003766525000473651010000023671000023682
25191003766525000473651010000023681000023698
25191003766525000473651010000023691000023709
25191003766525000473651010000023701000023718
25191003766525000473651010000023711000023723
25191003766525000473651010000023721000023739
25191003766525000473651010000023731000023744
25191003766525000473651010000023741000023750
25191003766525000473651010000023751000023765
25191003766525000473651010000023761000023770
25191003766525000473651010000023771000023786
25191003766525000473651010000023781000023791
25191003766525000473651010000023791000023802
25191003766525000473651010000023801000023811
25191003766525000473651010000023811000023827
25191003766525000473651010000023821000023832
25191003766525000473651010000023831000023848
25191003766525000473651010000023841000023853
25191003766525000473651010000023851000023869
25191003766525000473651010000023861000023874
25191003766525000473651010000023871000023880
25191003766525000473651010000023881000023895
25191003766525000473651010000023891000023906
25191003766525000473651010000023901000023915
25191003766525000473651010000023911000023920
25191003766525000473651010000023921000023936
25191003766525000473651010000023931000023941
2019-12-13 13:18:24.646093
25191003766525000473651010000023441000023459
25191003766525000473651010000023451000023464
25191003766525000473651010000023461000023470
25191003766525000473651010000023471000023485
25191003766525000473651010000023481000023490
25191003766525000473651010000023491000023501
25191003766525000473651010000023501000023510
25191003766525000473651010000023511000023526
25191003766525000473651010000023521000023531
25191003766525000473651010000023531000023547
25191003766525000473651010000023541000023552
25191003766525000473651010000023551000023568
25191003766525000473651010000023561000023573
25191003766525000473651010000023571000023589
25191003766525000473651010000023581000023594
25191003766525000473651010000023591000023605
25191003766525000473651010000023601000023614
25191003766525000473651010000023611000023620
25191003766525000473651010000023621000023635
25191003766525000473651010000023631000023640
25191003766525000473651010000023641000023656
25191003766525000473651010000023651000023661
25191003766525000473651010000023661000023677
25191003766525000473651010000023671000023682
25191003766525000473651010000023681000023698
25191003766525000473651010000023691000023709
25191003766525000473651010000023701000023718
25191003766525000473651010000023711000023723
25191003766525000473651010000023721000023739
25191003766525000473651010000023731000023744
25191003766525000473651010000023741000023750
25191003766525000473651010000023751000023765
25191003766525000473651010000023761000023770
25191003766525000473651010000023771000023786
25191003766525000473651010000023781000023791
25191003766525000473651010000023791000023802
25191003766525000473651010000023801000023811
25191003766525000473651010000023811000023827
25191003766525000473651010000023821000023832
25191003766525000473651010000023831000023848
25191003766525000473651010000023841000023853
25191003766525000473651010000023851000023869
25191003766525000473651010000023861000023874
25191003766525000473651010000023871000023880
25191003766525000473651010000023881000023895
25191003766525000473651010000023891000023906
25191003766525000473651010000023901000023915
25191003766525000473651010000023911000023920
25191003766525000473651010000023921000023936
25191003766525000473651010000023931000023941
25191003766525000473651010000023941000023957
25191003766525000473651010000023951000023962
25191003766525000473651010000023961000023978
25191003766525000473651010000023971000023983
25191003766525000473651010000023981000023999
25191003766525000473651010000023991000024003
25191003766525000473651010000024001000024014
25191003766525000473651010000024011000024020
25191003766525000473651010000024021000024035
25191003766525000473651010000024031000024040
25191003766525000473651010000024041000024056
25191003766525000473651010000024051000024061
25191003766525000473651010000024061000024077
25191003766525000473651010000024071000024082
2019-12-13 13:34:15.160073
25191003766525000473651010000024081000024098
2019-12-13 13:34:15.160073
25191003766525000473651010000024081000024098
25191003766525000473651010000024091000024109
25191003766525000473651010000024101000024118
25191003766525000473651010000024111000024123
25191003766525000473651010000024121000024139
25191003766525000473651010000024131000024144
25191003766525000473651010000024141000024150
25191003766525000473651010000024151000024165
25191003766525000473651010000024161000024170
25191003766525000473651010000024171000024186
25191003766525000473651010000024181000024191
25191003766525000473651010000024191000024202
25191003766525000473651010000024201000024211
25191003766525000473651010000024211000024227
25191003766525000473651010000024221000024232
25191003766525000473651010000024231000024248
25191003766525000473651010000024241000024253
25191003766525000473651010000024251000024269
25191003766525000473651010000024261000024274
25191003766525000473651010000024271000024280
25191003766525000473651010000024281000024295
25191003766525000473651010000024291000024306
25191003766525000473651010000024301000024315
25191003766525000473651010000024311000024320
25191003766525000473651010000024321000024336
25191003766525000473651010000024331000024341
25191003766525000473651010000024341000024357
25191003766525000473651010000024351000024362
25191003766525000473651010000024361000024378
25191003766525000473651010000024371000024383
25191003766525000473651010000024381000024399
25191003766525000473651010000024391000024400
25191003766525000473651010000024401000024419
25191003766525000473651010000024411000024424
25191003766525000473651010000024421000024430
25191003766525000473651010000024431000024445
25191003766525000473651010000024441000024450
25191003766525000473651010000024451000024466
25191003766525000473651010000024461000024471
25191003766525000473651010000024471000024487
25191003766525000473651010000024481000024492
25191003766525000473651010000024491000024503
25191003766525000473651010000024501000024512
25191003766525000473651010000024511000024528
25191003766525000473651010000024521000024533
25191003766525000473651010000024531000024549
25191003766525000473651010000024541000024554
25191003766525000473651010000024551000024560
25191003766525000473651010000024561000024575
25191003766525000473651010000024571000024580
25191003766525000473651010000024581000024596
25191003766525000473651010000024591000024607
25191003766525000473651010000024601000024616
25191003766525000473651010000024611000024621
25191003766525000473651010000024621000024637
25191003766525000473651010000024631000024642
25191003766525000473651010000024641000024658
25191003766525000473651010000024651000024663
25191003766525000473651010000024661000024679
25191003766525000473651010000024671000024684
25191003766525000473651010000024681000024690
25191003766525000473651010000024691000024700
25191003766525000473651010000024701000024710
25191003766525000473651010000024711000024725
2019-12-13 13:40:10.252565
25191003766525000473651010000024721000024730
25191003766525000473651010000024731000024746
25191003766525000473651010000024741000024751
25191003766525000473651010000024751000024767
25191003766525000473651010000024761000024772
25191003766525000473651010000024771000024788
25191003766525000473651010000024781000024793
25191003766525000473651010000024791000024804
25191003766525000473651010000024801000024813
25191003766525000473651010000024811000024829
25191003766525000473651010000024821000024834
25191003766525000473651010000024831000024840
25191003766525000473651010000024841000024855
25191003766525000473651010000024851000024860
25191003766525000473651010000024861000024876
25191003766525000473651010000024871000024881
25191003766525000473651010000024881000024897
25191003766525000473651010000024891000024908
25191003766525000473651010000024901000024917
25191003766525000473651010000024911000024922
25191003766525000473651010000024921000024938
25191003766525000473651010000024931000024943
25191003766525000473651010000024941000024959
25191003766525000473651010000024951000024964
25191003766525000473651010000024961000024970
25191003766525000473651010000024971000024985
25191003766525000473651010000024981000024990
25191003766525000473651010000024991000025005
25191003766525000473651010000025001000025016
25191003766525000473651010000025011000025021
25191003766525000473651010000025021000025037
25191003766525000473651010000025031000025042
25191003766525000473651010000025041000025058
25191003766525000473651010000025051000025063
25191003766525000473651010000025061000025079
25191003766525000473651010000025071000025084
25191003766525000473651010000025081000025090
25191003766525000473651010000025091000025100
25191003766525000473651010000025101000025110
25191003766525000473651010000025111000025125
25191003766525000473651010000025121000025130
25191003766525000473651010000025131000025146
25191003766525000473651010000025141000025151
25191003766525000473651010000025151000025167
25191003766525000473651010000025161000025172
25191003766525000473651010000025171000025188
25191003766525000473651010000025181000025193
25191003766525000473651010000025191000025204
25191003766525000473651010000025201000025213
25191003766525000473651010000025211000025229
25191003766525000473651010000025221000025234
25191003766525000473651010000025231000025240
25191003766525000473651010000025241000025255
25191003766525000473651010000025251000025260
25191003766525000473651010000025261000025276
25191003766525000473651010000025271000025281
25191003766525000473651010000025281000025297
25191003766525000473651010000025291000025308
25191003766525000473651010000025301000025317
25191003766525000473651010000025311000025322
25191003766525000473651010000025321000025338
25191003766525000473651010000025331000025343
25191003766525000473651010000025341000025359
25191003766525000473651010000025351000025364
2019-12-13 13:44:19.274462
25191003766525000473651010000025361000025370
25191003766525000473651010000025371000025385
25191003766525000473651010000025381000025390
25191003766525000473651010000025391000025401
25191003766525000473651010000025401000025410
25191003766525000473651010000025411000025426
25191003766525000473651010000025421000025431
25191003766525000473651010000025431000025447
25191003766525000473651010000025441000025452
25191003766525000473651010000025451000025468
25191003766525000473651010000025461000025473
25191003766525000473651010000025471000025489
25191003766525000473651010000025481000025494
25191003766525000473651010000025491000025505
25191003766525000473651010000025501000025514
25191003766525000473651010000025511000025520
25191003766525000473651010000025521000025535
25191003766525000473651010000025531000025540
25191003766525000473651010000025541000025556
25191003766525000473651010000025551000025561
25191003766525000473651010000025561000025577
25191003766525000473651010000025571000025582
25191003766525000473651010000025581000025598
25191003766525000473651010000025591000025609
25191003766525000473651010000025601000025618
25191003766525000473651010000025611000025623
25191003766525000473651010000025621000025639
25191003766525000473651010000025631000025644
25191003766525000473651010000025641000025650
25191003766525000473651010000025651000025665
25191003766525000473651010000025661000025670
25191003766525000473651010000025671000025686
25191003766525000473651010000025681000025691
25191003766525000473651010000025691000025702
25191003766525000473651010000025701000025711
25191003766525000473651010000025711000025727
25191003766525000473651010000025721000025732
25191003766525000473651010000025731000025748
25191003766525000473651010000025741000025753
25191003766525000473651010000025751000025769
25191003766525000473651010000025761000025774
25191003766525000473651010000025771000025780
25191003766525000473651010000025781000025795
25191003766525000473651010000025791000025806
25191003766525000473651010000025801000025815
25191003766525000473651010000025811000025820
25191003766525000473651010000025821000025836
25191003766525000473651010000025831000025841
25191003766525000473651010000025841000025857
25191003766525000473651010000025851000025862
25191003766525000473651010000025861000025878
25191003766525000473651010000025871000025883
25191003766525000473651010000025881000025899
25191003766525000473651010000025891000025900
25191003766525000473651010000025901000025919
25191003766525000473651010000025911000025924
25191003766525000473651010000025921000025930
25191003766525000473651010000025931000025945
25191003766525000473651010000025941000025950
25191003766525000473651010000025951000025966
25191003766525000473651010000025961000025971
25191003766525000473651010000025971000025987
25191003766525000473651010000025981000025992
25191003766525000473651010000025991000026007
2019-12-13 13:49:12.542007
25191003766525000473651010000026001000026018
2019-12-13 13:49:12.542007
25191003766525000473651010000026001000026018
25191003766525000473651010000026011000026023
25191003766525000473651010000026021000026039
25191003766525000473651010000026031000026044
25191003766525000473651010000026041000026050
25191003766525000473651010000026051000026065
25191003766525000473651010000026061000026070
25191003766525000473651010000026071000026086
25191003766525000473651010000026081000026091
25191003766525000473651010000026091000026102
25191003766525000473651010000026101000026111
25191003766525000473651010000026111000026127
25191003766525000473651010000026121000026132
25191003766525000473651010000026131000026148
25191003766525000473651010000026141000026153
25191003766525000473651010000026151000026169
25191003766525000473651010000026161000026174
25191003766525000473651010000026171000026180
25191003766525000473651010000026181000026195
25191003766525000473651010000026191000026206
25191003766525000473651010000026201000026215
25191003766525000473651010000026211000026220
25191003766525000473651010000026221000026236
25191003766525000473651010000026231000026241
25191003766525000473651010000026241000026257
25191003766525000473651010000026251000026262
25191003766525000473651010000026261000026278
25191003766525000473651010000026271000026283
25191003766525000473651010000026281000026299
25191003766525000473651010000026291000026300
25191003766525000473651010000026301000026319
25191003766525000473651010000026311000026324
25191003766525000473651010000026321000026330
25191003766525000473651010000026331000026345
25191003766525000473651010000026341000026350
25191003766525000473651010000026351000026366
25191003766525000473651010000026361000026371
25191003766525000473651010000026371000026387
25191003766525000473651010000026381000026392
25191003766525000473651010000026391000026403
25191003766525000473651010000026401000026412
25191003766525000473651010000026411000026428
25191003766525000473651010000026421000026433
25191003766525000473651010000026431000026449
25191003766525000473651010000026441000026454
25191003766525000473651010000026451000026460
25191003766525000473651010000026461000026475
25191003766525000473651010000026471000026480
25191003766525000473651010000026481000026496
25191003766525000473651010000026491000026507
25191003766525000473651010000026501000026516
25191003766525000473651010000026511000026521
25191003766525000473651010000026521000026537
25191003766525000473651010000026531000026542
25191003766525000473651010000026541000026558
25191003766525000473651010000026551000026563
25191003766525000473651010000026561000026579
25191003766525000473651010000026571000026584
25191003766525000473651010000026581000026590
25191003766525000473651010000026591000026600
25191003766525000473651010000026601000026610
25191003766525000473651010000026611000026625
25191003766525000473651010000026621000026630
25191003766525000473651010000026631000026646
2019-12-13 13:55:47.896675
25191003766525000473651010000026641000026651
25191003766525000473651010000026651000026667
25191003766525000473651010000026661000026672
25191003766525000473651010000026671000026688
25191003766525000473651010000026681000026693
25191003766525000473651010000026691000026704
25191003766525000473651010000026701000026713
25191003766525000473651010000026711000026729
25191003766525000473651010000026721000026734
25191003766525000473651010000026731000026740
25191003766525000473651010000026741000026755
25191003766525000473651010000026751000026760
25191003766525000473651010000026761000026776
25191003766525000473651010000026771000026781
25191003766525000473651010000026781000026797
25191003766525000473651010000026791000026808
25191003766525000473651010000026801000026817
25191003766525000473651010000026811000026822
25191003766525000473651010000026821000026838
25191003766525000473651010000026831000026843
25191003766525000473651010000026841000026859
25191003766525000473651010000026851000026864
25191003766525000473651010000026861000026870
25191003766525000473651010000026871000026885
25191003766525000473651010000026881000026890
25191003766525000473651010000026891000026901
25191003766525000473651010000026901000026910
25191003766525000473651010000026911000026926
25191003766525000473651010000026921000026931
25191003766525000473651010000026931000026947
25191003766525000473651010000026941000026952
25191003766525000473651010000026951000026968
25191003766525000473651010000026961000026973
25191003766525000473651010000026971000026989
25191003766525000473651010000026981000026994
25191003766525000473651010000026991000027009
25191003766525000473651010000027001000027010
25191003766525000473651010000027011000027025
25191003766525000473651010000027021000027030
25191003766525000473651010000027031000027046
25191003766525000473651010000027041000027051
25191003766525000473651010000027051000027067
25191003766525000473651010000027061000027072
25191003766525000473651010000027071000027088
25191003766525000473651010000027081000027093
25191003766525000473651010000027091000027104
25191003766525000473651010000027101000027113
25191003766525000473651010000027111000027129
25191003766525000473651010000027121000027134
25191003766525000473651010000027131000027140
25191003766525000473651010000027141000027155
25191003766525000473651010000027151000027160
25191003766525000473651010000027161000027176
25191003766525000473651010000027171000027181
25191003766525000473651010000027181000027197
25191003766525000473651010000027191000027208
25191003766525000473651010000027201000027217
25191003766525000473651010000027211000027222
25191003766525000473651010000027221000027238
25191003766525000473651010000027231000027243
25191003766525000473651010000027241000027259
25191003766525000473651010000027251000027264
25191003766525000473651010000027261000027270
25191003766525000473651010000027271000027285
2019-12-13 14:00:15.377347
25191003766525000473651010000027281000027290
25191003766525000473651010000027291000027301
25191003766525000473651010000027301000027310
25191003766525000473651010000027311000027326
25191003766525000473651010000027321000027331
25191003766525000473651010000027331000027347
25191003766525000473651010000027341000027352
25191003766525000473651010000027351000027368
25191003766525000473651010000027361000027373
25191003766525000473651010000027371000027389
25191003766525000473651010000027381000027394
25191003766525000473651010000027391000027405
25191003766525000473651010000027401000027414
25191003766525000473651010000027411000027420
25191003766525000473651010000027421000027435
25191003766525000473651010000027431000027440
25191003766525000473651010000027441000027456
25191003766525000473651010000027451000027461
25191003766525000473651010000027461000027477
25191003766525000473651010000027471000027482
25191003766525000473651010000027481000027498
25191003766525000473651010000027491000027509
25191003766525000473651010000027501000027518
25191003766525000473651010000027511000027523
25191003766525000473651010000027521000027539
25191003766525000473651010000027531000027544
25191003766525000473651010000027541000027550
25191003766525000473651010000027551000027565
25191003766525000473651010000027561000027570
25191003766525000473651010000027571000027586
25191003766525000473651010000027581000027591
25191003766525000473651010000027591000027602
25191003766525000473651010000027601000027611
25191003766525000473651010000027611000027627
25191003766525000473651010000027621000027632
25191003766525000473651010000027631000027648
25191003766525000473651010000027641000027653
25191003766525000473651010000027651000027669
25191003766525000473651010000027661000027674
25191003766525000473651010000027671000027680
25191003766525000473651010000027681000027695
25191003766525000473651010000027691000027706
25191003766525000473651010000027701000027715
25191003766525000473651010000027711000027720
25191003766525000473651010000027721000027736
25191003766525000473651010000027731000027741
25191003766525000473651010000027741000027757
25191003766525000473651010000027751000027762
25191003766525000473651010000027761000027778
25191003766525000473651010000027771000027783
25191003766525000473651010000027781000027799
25191003766525000473651010000027791000027800
25191003766525000473651010000027801000027819
25191003766525000473651010000027811000027824
25191003766525000473651010000027821000027830
25191003766525000473651010000027831000027845
25191003766525000473651010000027841000027850
25191003766525000473651010000027851000027866
25191003766525000473651010000027861000027871
25191003766525000473651010000027871000027887
25191003766525000473651010000027881000027892
25191003766525000473651010000027891000027903
25191003766525000473651010000027901000027912
25191003766525000473651010000027911000027928
2019-12-13 14:04:38.483104
25191003766525000473651010000027921000027933
25191003766525000473651010000027931000027949
25191003766525000473651010000027941000027954
25191003766525000473651010000027951000027960
25191003766525000473651010000027961000027975
25191003766525000473651010000027971000027980
25191003766525000473651010000027981000027996
25191003766525000473651010000027991000028000
25191003766525000473651010000028001000028011
25191003766525000473651010000028011000028027
25191003766525000473651010000028021000028032
25191003766525000473651010000028031000028048
25191003766525000473651010000028041000028053
25191003766525000473651010000028051000028069
25191003766525000473651010000028061000028074
25191003766525000473651010000028071000028080
25191003766525000473651010000028081000028095
25191003766525000473651010000028091000028106
25191003766525000473651010000028101000028115
25191003766525000473651010000028111000028120
25191003766525000473651010000028121000028136
25191003766525000473651010000028131000028141
25191003766525000473651010000028141000028157
25191003766525000473651010000028151000028162
25191003766525000473651010000028161000028178
25191003766525000473651010000028171000028183
25191003766525000473651010000028181000028199
25191003766525000473651010000028191000028200
25191003766525000473651010000028201000028219
25191003766525000473651010000028211000028224
25191003766525000473651010000028221000028230
25191003766525000473651010000028231000028245
25191003766525000473651010000028241000028250
25191003766525000473651010000028251000028266
25191003766525000473651010000028261000028271
25191003766525000473651010000028271000028287
25191003766525000473651010000028281000028292
25191003766525000473651010000028291000028303
25191003766525000473651010000028301000028312
25191003766525000473651010000028311000028328
25191003766525000473651010000028321000028333
25191003766525000473651010000028331000028349
25191003766525000473651010000028341000028354
25191003766525000473651010000028351000028360
25191003766525000473651010000028361000028375
25191003766525000473651010000028371000028380
25191003766525000473651010000028381000028396
25191003766525000473651010000028391000028407
25191003766525000473651010000028401000028416
25191003766525000473651010000028411000028421
25191003766525000473651010000028421000028437
25191003766525000473651010000028431000028442
25191003766525000473651010000028441000028458
25191003766525000473651010000028451000028463
25191003766525000473651010000028461000028479
25191003766525000473651010000028471000028484
25191003766525000473651010000028481000028490
25191003766525000473651010000028491000028500
25191003766525000473651010000028501000028510
25191003766525000473651010000028511000028525
25191003766525000473651010000028521000028530
25191003766525000473651010000028531000028546
25191003766525000473651010000028541000028551
25191003766525000473651010000028551000028567
2019-12-13 14:08:15.711425
25191003766525000473651010000028561000028572
2019-12-13 14:08:15.711425
25191003766525000473651010000028561000028572
25191003766525000473651010000028571000028588
25191003766525000473651010000028581000028593
25191003766525000473651010000028591000028604
25191003766525000473651010000028601000028613
25191003766525000473651010000028611000028629
25191003766525000473651010000028621000028634
25191003766525000473651010000028631000028640
25191003766525000473651010000028641000028655
25191003766525000473651010000028651000028660
25191003766525000473651010000028661000028676
25191003766525000473651010000028671000028681
25191003766525000473651010000028681000028697
25191003766525000473651010000028691000028708
25191003766525000473651010000028701000028717
25191003766525000473651010000028711000028722
25191003766525000473651010000028721000028738
25191003766525000473651010000028731000028743
25191003766525000473651010000028741000028759
25191003766525000473651010000028751000028764
25191003766525000473651010000028761000028770
25191003766525000473651010000028771000028785
25191003766525000473651010000028781000028790
25191003766525000473651010000028791000028801
25191003766525000473651010000028801000028810
25191003766525000473651010000028811000028826
25191003766525000473651010000028821000028831
25191003766525000473651010000028831000028847
25191003766525000473651010000028841000028852
25191003766525000473651010000028851000028868
25191003766525000473651010000028861000028873
25191003766525000473651010000028871000028889
25191003766525000473651010000028881000028894
25191003766525000473651010000028891000028905
25191003766525000473651010000028901000028914
25191003766525000473651010000028911000028920
25191003766525000473651010000028921000028935
25191003766525000473651010000028931000028940
25191003766525000473651010000028941000028956
25191003766525000473651010000028951000028961
25191003766525000473651010000028961000028977
25191003766525000473651010000028971000028982
25191003766525000473651010000028981000028998
25191003766525000473651010000028991000029002
25191003766525000473651010000029001000029013
25191003766525000473651010000029011000029029
25191003766525000473651010000029021000029034
25191003766525000473651010000029031000029040
25191003766525000473651010000029041000029055
25191003766525000473651010000029051000029060
25191003766525000473651010000029061000029076
25191003766525000473651010000029071000029081
25191003766525000473651010000029081000029097
25191003766525000473651010000029091000029108
25191003766525000473651010000029101000029117
25191003766525000473651010000029111000029122
25191003766525000473651010000029121000029138
25191003766525000473651010000029131000029143
25191003766525000473651010000029141000029159
25191003766525000473651010000029151000029164
25191003766525000473651010000029161000029170
25191003766525000473651010000029171000029185
25191003766525000473651010000029181000029190
25191003766525000473651010000029191000029201
2019-12-13 14:12:28.276341
25191003766525000473651010000029201000029210
2019-12-13 14:12:28.276341
